105 70
104.819 70.3565
104.635 70.7059
104.446 71.0512
104.251 71.394
104.046 71.7299
103.83 72.0626
103.6 72.3882
103.36 72.7026
103.106 73.0059
102.833 73.2985
102.556 73.5836
102.269 73.8582
101.968 74.1192
101.656 74.3675
101.341 74.6107
101.021 74.845
100.69 75.067
100.352 75.2803
100.013 75.4904
99.6704 75.6947
99.3202 75.8861
98.9636 76.0665
98.6032 76.24
98.2409 76.4094
97.8762 76.5735
97.5091 76.732
97.1402 76.8864
96.7696 77.0369
96.3982 77.1855
96.0267 77.3335
95.6541 77.4789
95.2818 77.6245
94.9091 77.7689
94.5363 77.913
94.1664 78.064
93.799 78.2214
93.4344 78.3837
93.0734 78.5531
92.7158 78.731
92.3635 78.9184
92.0173 79.1169
91.6769 79.3264
91.3411 79.5419
91.0102 79.7649
90.6845 79.9968
90.3628 80.2338
90.0438 80.4738
89.7269 80.7171
89.4099 80.9605
89.096 81.2077
88.7826 81.4552
88.4663 81.6987
88.1481 81.9401
87.8304 82.1828
87.5091 82.4194
87.1813 82.646
86.8476 82.8639
86.5077 83.0737
86.1635 83.2761
85.8144 83.467
85.4571 83.6419
85.0922 83.8023
84.7228 83.9547
84.3489 84.096
83.9696 84.2215
83.5865 84.3347
83.2024 84.444
82.8173 84.5491
82.4304 84.6474
82.0413 84.7372
81.6504 84.8196
81.259 84.9008
80.8678 84.9839
80.4766 85.0671
80.0834 85.1368
79.6884 85.1947
79.292 85.2416
78.8945 85.2784
78.4961 85.3052
78.0971 85.3199
77.6975 85.3233
77.2982 85.3148
76.8993 85.2944
76.5009 85.2635
76.103 85.2254
75.7058 85.179
75.3087 85.131
74.9115 85.0848
74.5142 85.0392
74.1177 84.9872
73.7222 84.9276
73.3279 84.8609
72.9347 84.7879
72.5424 84.7103
72.1504 84.6306
71.7591 84.5479
71.3686 84.4614
70.9788 84.372
70.5893 84.2812
70.2002 84.1889
69.8115 84.0948
69.4226 84.0014
69.0326 83.9123
68.6414 83.8298
68.2494 83.7517
67.8567 83.677
67.4635 83.6053
67.0698 83.5368
66.6756 83.4715
66.2808 83.4092
65.8856 83.3493
65.4902 83.2903
65.0952 83.2304
64.7001 83.1708
64.3045 83.1145
63.9082 83.0619
63.5116 83.0117
63.115 82.96
62.7187 82.9055
62.3227 82.8494
61.9268 82.792
61.5311 82.7338
61.1351 82.6774
60.7389 82.6229
60.3424 82.5704
59.9457 82.5201
59.5486 82.4728
59.1511 82.4322
58.753 82.399
58.3543 82.3729
57.9553 82.3531
57.556 82.3383
57.1569 82.3209
56.7581 82.3011
56.3595 82.2794
55.961 82.256
55.5626 82.232
55.1639 82.2134
54.7649 82.1998
54.3659 82.1974
53.9671 82.2101
53.5687 82.2375
53.1733 82.2857
52.7805 82.3528
52.3893 82.4307
51.9992 82.5142
51.6102 82.6043
51.223 82.7008
50.8371 82.8024
50.4525 82.9089
50.0694 83.0218
49.6876 83.14
49.3068 83.2584
48.9272 83.3803
48.5498 83.5098
48.1769 83.649
47.8064 83.7951
47.4393 83.9489
47.0765 84.1136
45 85
